[[-1.11, 13.10, 0.51],
[-1.21, 16.84, 1.09],
[1.40, 19.09, 0.23],
[-2.76, 14.02, -10.77],
[-0.63, 19.73, -12.71],
[-0.30, 16.77, -3.92]],
                                    
[[10.58, 14.85, 0.45],
[2.34, 15.44, 1.03],
[10.33, 17.77, -4.65],
[11.21, 13.03, -11.07],
[-6.67, 21.79, 1.25],
[-10.05, 15.52, 0.83]],
                                    
[[31.68, 19.12, -1.88],
[10.77, 27.24, 0.26],
[31.97, 31.33, -4.80],
[24.97, 18.87, -39.68],
[-29.12, 44.07, 0.32],
[-36.39, 19.24, -2.95]],
                                    
[[31.50, 19.75, -4.10],
[9.94, 24.76, 0.15],
[31.49, 43.59, -4.94],
[29.49, 19.72, -53.74],
[-30.96, 65.14, 0.19],
[-32.51, 19.77, -6.55]],
                                    
[[20.76, 19.82, -6.20],
[4.84, 18.05, 0.07],
[26.81, 60.65, -5.08],
[28.17, 19.82, -50.81],
[-30.86, 80.80, 0.14],
[-30.51, 19.89, -9.97]],
                                    
[[3.49, 19.83, -8.21],
[2.53, 19.48, 0.03],
[25.16, 68.52, -5.21],
[26.16, 19.83, -50.19],
[-30.37, 80.55, 0.15],
[-30.21, 19.94, -13.22]],
                                    
[[-14.19, 19.83, -10.11],
[-6.17, 19.84, -0.99],
[24.82, 64.30, -5.33],
[24.70, 19.85, -50.08],
[-30.15, 69.95, 0.13],
[-30.18, 19.91, -16.32]],
                                    
[[-34.06, 19.83, -11.93],
[-25.33, 19.86, -5.59],
[16.32, 52.61, -5.45],
[24.50, 19.84, -46.84],
[-30.13, 48.62, 0.16],
[-30.17, 19.85, -19.27]],
                                    
[[-31.60, 19.83, -13.65],
[-32.58, 19.85, -18.70],
[11.97, 34.28, -5.56],
[22.19, 19.84, -39.45],
[-30.15, 25.15, 0.14],
[-30.17, 19.83, -22.09]],
                                    
[[-30.36, 19.83, -15.29],
[-30.54, 19.83, -42.85],
[7.58, 15.90, -5.66],
[12.90, 19.85, -38.23],
[-25.35, 17.80, -2.10],
[-30.17, 19.83, -24.76]],
                                    
[[-27.63, 19.83, -16.86],
[-30.14, 22.34, -51.91],
[3.57, 18.68, -5.77],
[5.73, 19.84, -51.66],
[-26.58, 33.37, 1.34],
[-30.17, 19.83, -27.31]],
                                    
[[-31.07, 19.83, -18.34],
[-23.97, 18.40, -47.60],
[0.87, 19.70, -5.87],
[1.11, 19.83, -51.21],
[-31.36, 48.24, 0.58],
[-30.17, 19.92, -29.73]],
                                    
[[-30.58, 19.83, -19.75],
[-19.03, 19.21, -47.69],
[-4.86, 19.84, -5.94],
[-1.58, 19.84, -50.25],
[-30.32, 54.95, 0.18],
[-30.17, 19.91, -32.03]],
                                    
[[-30.18, 19.83, -21.10],
[-21.28, 19.74, -50.48],
[-12.72, 19.95, -5.99],
[3.25, 19.84, -50.08],
[-30.11, 53.98, 0.04],
[-30.17, 19.92, -34.21]],
                                    
[[-30.11, 19.83, -22.37],
[-30.98, 19.84, -50.22],
[-22.40, 19.91, -6.03],
[4.78, 19.86, -50.05],
[-30.09, 41.95, 0.03],
[-30.17, 19.87, -36.27]],
                                    
[[-30.10, 19.83, -23.59],
[-31.03, 19.87, -50.06],
[-30.84, 19.91, -6.07],
[1.94, 19.85, -47.60],
[-30.08, 22.11, 0.04],
[-30.17, 19.88, -38.23]],
                                    
[[-26.92, 19.83, -24.75],
[-30.29, 19.92, -50.07],
[-29.38, 19.87, -6.09],
[3.48, 19.90, -40.89],
[-27.23, 19.73, 0.13],
[-30.17, 19.85, -40.10]],
                                    
[[-30.48, 19.83, -25.85],
[-30.09, 19.86, -50.01],
[-28.12, 20.51, -6.12],
[7.31, 19.90, -35.44],
[-30.21, 19.71, 0.06],
[-30.17, 19.86, -41.88]],
                                    
[[-31.03, 19.83, -26.92],
[-30.10, 19.84, -50.09],
[-27.23, 19.29, -6.14],
[6.60, 19.86, -33.22],
[-29.32, 19.25, 0.07],
[-30.17, 19.88, -43.57]],
                                    
[[-30.27, 19.83, -27.96],
[-30.08, 19.85, -48.78],
[-28.44, 19.81, -6.16],
[8.02, 19.85, -31.00],
[-29.39, 19.78, -2.59],
[-30.17, 19.89, -45.17]],
                                    
[[-30.16, 19.83, -28.98],
[-30.10, 19.84, -49.60],
[-30.85, 19.89, -6.18],
[8.91, 19.85, -30.68],
[-30.47, 19.84, -5.41],
[-30.17, 19.88, -46.70]],
                                    
[[-30.10, 19.83, -29.96],
[-30.04, 19.90, -50.25],
[-30.23, 19.93, -6.19],
[9.09, 19.86, -27.95],
[-30.13, 19.91, -2.04],
[-30.17, 19.89, -48.15]],
                                    
[[-30.12, 19.83, -30.89],
[-30.04, 19.86, -50.04],
[-30.07, 19.94, -6.18],
[13.57, 19.86, -21.75],
[-30.07, 19.87, 0.44],
[-30.17, 19.88, -49.54]],
                                    
[[-30.13, 19.83, -31.78],
[-30.06, 19.84, -50.02],
[-30.08, 19.95, -6.16],
[13.50, 19.88, -16.93],
[-30.08, 19.86, -3.60],
[-30.17, 19.89, -50.19]],
                                    
[[-30.13, 19.83, -32.63],
[-30.07, 19.85, -49.08],
[-30.09, 19.95, -6.12],
[10.31, 19.90, -11.97],
[-30.09, 19.87, -9.82],
[-30.17, 19.91, -49.99]]]

